# solver=TDMA
x,T
0,200
0.00632911,200.188
0.0126582,200.371
0.0189873,200.549
0.0253165,200.723
0.0316456,200.891
0.0379747,201.055
0.0443038,201.214
0.0506329,201.368
0.056962,201.518
0.0632911,201.662
0.0696203,201.802
0.0759494,201.937
0.0822785,202.067
0.0886076,202.192
0.0949367,202.313
0.101266,202.429
0.107595,202.539
0.113924,202.645
0.120253,202.747
0.126582,202.843
0.132911,202.935
0.139241,203.022
0.14557,203.103
0.151899,203.181
0.158228,203.253
0.164557,203.32
0.170886,203.383
0.177215,203.441
0.183544,203.494
0.189873,203.542
0.196203,203.586
0.202532,203.624
0.208861,203.658
0.21519,203.687
0.221519,203.711
0.227848,203.73
0.234177,203.745
0.240506,203.754
0.246835,203.759
0.253165,203.759
0.259494,203.754
0.265823,203.745
0.272152,203.73
0.278481,203.711
0.28481,203.687
0.291139,203.658
0.297468,203.624
0.303797,203.586
0.310127,203.542
0.316456,203.494
0.322785,203.441
0.329114,203.383
0.335443,203.32
0.341772,203.253
0.348101,203.181
0.35443,203.103
0.360759,203.022
0.367089,202.935
0.373418,202.843
0.379747,202.747
0.386076,202.645
0.392405,202.539
0.398734,202.429
0.405063,202.313
0.411392,202.192
0.417722,202.067
0.424051,201.937
0.43038,201.802
0.436709,201.662
0.443038,201.518
0.449367,201.368
0.455696,201.214
0.462025,201.055
0.468354,200.891
0.474684,200.723
0.481013,200.549
0.487342,200.371
0.493671,200.188
0.5,200
